Version 0.9.7
5
 4 10 175 77 128 0 1
 5 80 400 206 81 2 2
 0 110 110 877 276 8 3
 1 118 464 206 81 140 4
 3 431 37 203 58 150 5
 0
22
 255 5 174 475 180 475 180 440 137 440 137 319 137 319 0 4 0 3
 255 5 193 475 193 475 193 423 171 423 171 319 163 319 0 4 0 3
 255 5 174 488 174 488 174 446 371 446 371 319 371 319 0 4 0 3
 255 5 193 488 193 488 193 458 410 458 410 319 410 319 0 4 0 3
 65535 5 176 319 176 319 176 331 384 331 384 319 384 319 0 3 0 3
 65535 5 150 306 150 306 150 337 423 337 423 306 423 306 0 3 0 3
 16711935 5 397 280 397 280 397 286 488 286 488 280 488 280 0 3 0 3
 16711935 5 436 293 436 293 436 299 501 299 501 293 501 293 0 3 0 3
 16711935 5 514 280 514 273 611 273 611 81 617 81 617 81 0 3 0 5
 65793 5 71 288 71 288 71 376 163 376 163 371 163 371 0 1 0 3
 65793 5 930 124 930 124 1012 124 1012 371 930 371 930 371 0 3 0 3
 65793 5 189 371 189 391 90 391 90 533 133 533 133 533 0 3 0 4
 65793 5 215 319 215 319 221 319 221 371 215 371 215 371 0 3 0 3
 65793 5 449 319 449 319 460 319 460 371 449 371 449 371 0 3 0 3
 65793 5 566 319 566 319 573 319 573 371 566 371 566 371 0 3 0 3
 65793 5 442 74 442 74 431 74 431 124 436 124 436 124 0 5 0 3
 255 5 137 176 137 176 137 148 176 148 176 137 176 137 0 3 0 3
 255 5 71 189 71 189 71 142 163 142 163 137 163 137 0 1 0 3
 255 5 930 137 930 137 998 137 998 358 930 358 930 358 0 3 0 3
 255 5 133 475 115 475 115 409 241 409 241 358 241 358 0 4 0 3
 255 5 371 137 371 137 371 137 371 176 371 176 371 176 0 3 0 3
 255 5 488 137 488 137 488 137 488 176 488 176 488 176 0 3 0 3
3
 7008 1 14 365 228 5 0 8583492 0 3
 7032 1 14 482 228 5 0 8583492 0 3
 7004 1 14 131 228 5 0 8583492 0 3
